  i i i i i i i       ooooo    o        ooooooo   ooooo   ooooo
  I I I I I I I      8     8   8           8     8     o  8    8
  I  \ `+' /  I      8         8           8     8        8    8
   \  `-+-'  /       8         8           8      ooooo   8oooo
    `-__|__-'        8         8           8           8  8
        |            8     o   8           8     o     8  8
  ------+------       ooooo    8oooooo  ooo8ooo   ooooo   8

Welcome to GNU CLISP 2.49 (2010-07-07) <http://clisp.cons.org/>

Copyright (c) Bruno Haible, Michael Stoll 1992, 1993
Copyright (c) Bruno Haible, Marcus Daniels 1994-1997
Copyright (c) Bruno Haible, Pierpaolo Bernardi, Sam Steingold 1998
Copyright (c) Bruno Haible, Sam Steingold 1999-2000
Copyright (c) Sam Steingold, Bruno Haible 2001-2010

Type :h and hit Enter for context help.

[1]> (load "knapsack_ga")
;; Loading file /Users/dorrondel/Documents/oswego/Fall18-VII/CSc-416/a9/knapsack_ga.cl ...
;; Loaded file /Users/dorrondel/Documents/oswego/Fall18-VII/CSc-416/a9/knapsack_ga.cl
T
[2]> (population-demo)


Generation 0 population ...

1     (1 1 1 1 1 1 1 1 1 1)  775
2     (1 1 0 0 0 1 1 0 0 0)  342
3     (1 1 1 0 1 1 0 0 0 0)  371
4     (1 1 1 0 1 0 0 1 0 1)  474
5     (0 1 1 0 0 0 1 0 1 1)  402
6     (1 0 0 0 0 1 1 0 0 0)  259
7     (0 0 1 1 0 0 0 0 0 1)  175
8     (1 1 0 0 0 1 1 0 1 0)  429
9     (0 0 0 0 0 0 0 0 1 0)  87
10    (0 0 0 0 1 0 0 0 0 1)  173
11    (0 0 1 0 1 1 0 1 1 0)  385
12    (1 1 0 0 0 1 1 1 1 1)  615
13    (0 0 0 0 0 0 1 0 0 0)  94
14    (0 0 0 0 0 1 0 1 0 0)  175
15    (0 0 0 0 1 0 1 0 1 1)  354
16    (0 1 0 0 1 0 1 0 1 1)  437
17    (1 0 0 0 0 1 0 0 1 1)  346
18    (0 0 1 0 0 0 0 0 0 0)  44
19    (1 1 0 1 0 0 1 1 0 1)  482
20    (1 0 1 0 1 1 0 1 0 1)  474
21    (1 1 0 0 1 0 1 1 0 0)  430
22    (1 0 1 0 1 0 0 0 1 1)  386
23    (1 0 0 1 1 0 0 0 0 1)  292
24    (0 0 1 1 1 0 0 1 0 0)  252
25    (1 1 0 1 1 1 1 1 0 0)  550
26    (0 0 0 1 0 0 0 0 0 1)  131
27    (0 0 0 1 0 0 0 0 1 1)  218
28    (0 1 1 0 1 0 1 0 1 1)  481
29    (1 0 0 1 0 0 1 1 0 1)  399
30    (0 0 1 0 0 0 1 1 1 0)  317
31    (1 1 1 0 1 1 0 1 1 1)  644
32    (0 0 0 1 1 1 0 0 0 0)  199
33    (1 1 1 1 1 1 0 1 1 0)  587
34    (0 0 0 1 1 1 0 0 1 0)  286
35    (1 1 0 1 0 1 0 0 0 0)  285
36    (0 1 0 1 0 0 0 0 0 1)  214
37    (1 1 1 0 0 1 1 0 0 1)  480
38    (1 0 0 0 1 1 1 0 1 0)  425
39    (0 0 1 1 1 0 1 1 1 0)  433
40    (1 1 1 1 0 1 1 1 1 1)  696
41    (1 0 0 0 0 1 0 0 1 1)  346
42    (0 0 1 0 0 1 0 0 0 1)  221
43    (1 1 1 1 1 0 1 1 0 1)  605
44    (1 1 0 1 0 0 0 1 0 0)  294
45    (0 1 1 1 0 1 1 1 1 1)  614
46    (0 0 0 0 1 1 0 1 0 1)  348
47    (0 1 1 0 0 0 0 0 1 0)  214
48    (1 1 1 0 0 1 1 0 0 1)  480
49    (0 1 0 1 0 1 1 0 1 1)  478
50    (0 0 1 0 1 0 1 0 1 1)  398

Average fitness = 371.92

Sampling ...

the sample of individuals ...
38    (1 0 0 0 1 1 1 0 1 0)  425
39    (0 0 1 1 1 0 1 1 1 0)  433
22    (1 0 1 0 1 0 0 0 1 1)  386
28    (0 1 1 0 1 0 1 0 1 1)  481
22    (1 0 1 0 1 0 0 0 1 1)  386
24    (0 0 1 1 1 0 0 1 0 0)  252
9     (0 0 0 0 0 0 0 0 1 0)  87
6     (1 0 0 0 0 1 1 0 0 0)  259
45    (0 1 1 1 0 1 1 1 1 1)  614
8     (1 1 0 0 0 1 1 0 1 0)  429

the most fit of the sample ...
45    (0 1 1 1 0 1 1 1 1 1)  614


Sampling ...

the sample of individuals ...
34    (0 0 0 1 1 1 0 0 1 0)  286
6     (1 0 0 0 0 1 1 0 0 0)  259
21    (1 1 0 0 1 0 1 1 0 0)  430
17    (1 0 0 0 0 1 0 0 1 1)  346
21    (1 1 0 0 1 0 1 1 0 0)  430
37    (1 1 1 0 0 1 1 0 0 1)  480
26    (0 0 0 1 0 0 0 0 0 1)  131
12    (1 1 0 0 0 1 1 1 1 1)  615
13    (0 0 0 0 0 0 1 0 0 0)  94
23    (1 0 0 1 1 0 0 0 0 1)  292

the most fit of the sample ...
12    (1 1 0 0 0 1 1 1 1 1)  615


Sampling ...

the sample of individuals ...
13    (0 0 0 0 0 0 1 0 0 0)  94
43    (1 1 1 1 1 0 1 1 0 1)  605
17    (1 0 0 0 0 1 0 0 1 1)  346
18    (0 0 1 0 0 0 0 0 0 0)  44
19    (1 1 0 1 0 0 1 1 0 1)  482
49    (0 1 0 1 0 1 1 0 1 1)  478
45    (0 1 1 1 0 1 1 1 1 1)  614
3     (1 1 1 0 1 1 0 0 0 0)  371
49    (0 1 0 1 0 1 1 0 1 1)  478
11    (0 0 1 0 1 1 0 1 1 0)  385

the most fit of the sample ...
45    (0 1 1 1 0 1 1 1 1 1)  614


NIL
[3]> (bye)
Bye.